4.00289003266
-1.72405731107
4.18706760247
2.84788693617
5.40302307791
4.27497968866
-3.12403719088
-1.92789575357
5.3594783161
0.225745910658
4.40327100041
4.92124585824
1.0378320777
2.87092452977
2.15746826045
0.940348559269
4.07526529645
0.526333582886
2.71659781951
-0.750302195037
-0.741001054729
0.406386970951
7.00811509268
4.85861119911
8.47806440172
-1.84988596793
1.69369169602
-0.535254666737
-4.07232990077
-1.1280082613
-2.80290892436
1.45832734442
0.968472552963
-6.20703217749
-2.71674393065
-1.70571636186
5.74098364521
6.52745908269
1.23748170107
1.27002867889
4.05270646716
-1.42270057316
2.5621352407
4.91039492256
1.71159079775
5.38825568499
-2.9126190961
-0.626963460692
4.81132974922
-0.793573008142
-5.62654501332
-2.40394842118
-2.94642787709
3.93645318498
-5.06029883422
-1.47233957229
2.55607482629
1.22295985877
-4.00494189298
0.884005764857
-0.0280063680727
6.23544354349
-1.66369616499
0.792939463909
3.83487266626
7.47232373131
0.48367889416
-2.21250098632
4.36241228935
0.0680367897493
-4.19232437502
5.49511890938
5.0685587239
3.2257867986
5.21503151781
-1.53327889654
2.38154615607
-1.86616903842
5.00915894888
1.32789270646
-0.566820770164
0.706206315605
-0.176716496336
0.703786283283
1.12586486593
5.46535188156
4.9261929408
7.10440470108
1.21543165845
-5.93967727476
8.3555656015
0.620168520272
3.96310807389
-0.0996395734665
3.09085572976
1.45404154236
-3.83604106349
1.43169001332
1.52856841267
1.42486994434
0.390942879619
1.83797800375
-8.51102667822
4.12220346624
-6.8407360667
0.568570121017
3.31782274487
0.142086779537
1.26167933768
0.725745923078
-2.47724184056
1.70109718374
4.07948735251
-0.0810027484148
1.33936103694
7.82093592199
0.197107653903
2.77374993797
3.7416432577
2.36597138495
2.26892184592
3.55648894865
-3.91205091693
2.36920093178
-1.98756658543
-2.93802491044
-1.20607647804
2.82280696622
-1.62833224395
1.66498039767
0.352243207062
1.41082915474
4.94636941159
-3.59659216006
-0.334382782774
1.90392067497
0.151387217343
-4.99719473758
4.09437025438
0.497000132212
-0.141057535291
3.08273463873
2.79290783523
-1.04138923046
5.05791096624
-0.493783289466
-2.03564041238
1.41708047065
-0.60578773436
-0.74129631363
6.81499712831
5.84858456865
-2.85515860343
-1.66647636441
-0.720446896248
3.50684193404
-0.592665900571
-2.85975987105
-3.93333429792
1.51648612142
-3.92279286064
3.61925036783
5.4629845562
-1.33806629854
0.821194009979
-2.34415005463
-0.456808633049
1.34748209172
4.45289431058
1.50279574157
-2.92754101527
-0.849067175583
0.711403429261
2.21869356192
-0.616785047367
-0.836134028987
0.916578944647
4.07740767025
0.896272525588
2.49516364781
4.00356776238
0.173118774064
5.15664081128
-7.47424510119
1.09079555883
3.90329107369
2.07004218504
-5.68731079326
9.7489539302
1.31409949225
3.32575187486
8.47186244295
5.77969606988
0.691990869895
7.24076697077
-2.4866124149
-1.42241882701
-2.33892020536
8.12046431777
4.15866441967
1.32008019571
-3.61179488783
-4.53909002348
-6.10174029399
4.26066110544
2.04066431169
-3.111673959
-1.65890093451
-1.12722475751
1.61111382674
-5.05540884433
2.45333592219
7.08336298431
-2.23761759749
-0.298329418556
0.320848252543
1.13082507026
0.888559741974
-1.39701388036
0.492734552158
-0.808808819726
4.0838877939
4.14580017657
-0.144542972133
5.2268714003
-0.622385203275
-2.84363563108
-1.08411640767
3.57358284651
0.524221226255
1.31304777466
1.94409762691
6.62521016357
1.39386743441
5.82174140766
-0.454621463942
2.21455701452
-1.11289092479
-0.996066870239
3.29877661266
2.90003988821
1.14550443959
3.22785942859
-0.666802426358
2.78395502369
-3.47294687246
2.2282318523
1.29241710687
0.661800555426
4.47453318135
5.74198611556
0.318584299148
1.57402685808
2.2668234509
-5.35623706441
3.67381176574
-0.282802914129
1.04922675578
4.27205481898
1.29678942613
-1.92387123282
2.76564653495
-0.36782605312
3.01914836809
6.37413512575
-1.70103111897
0.285402603197
-1.72686458948
-0.462567919699
-2.47449543372
3.99521414067
2.08627605627
3.01369780492
-1.21273028661
1.14535169289
5.98900543099
0.0929770476832
4.57502361829
-2.41902653277
1.90210229647
0.995104342319
-4.68345756421
2.55800683333
-0.603335133115
0.77486126382
0.66827468784
-2.89389006474
-0.88252541319
3.19997868747
0.542247867265
3.1024025651
0.319048175567
0.0479093966694
-0.301839915491
0.560896671553
-0.621912796665
-2.12236004344
1.1923634078
4.14390736243
-0.774767138764
2.61848141393
0.210668205748
3.8950604317
-0.387455035075
2.14141358855
2.77023250198
6.38148604435
2.00337550623
3.86212957827
2.8264694316
1.44178829705
0.261678907322
-6.534329382
0.762918503523
-0.390555701589
1.92836298509
0.182661751626
-1.68013999011
-5.15290816069
-1.60450062717
3.60311216905
-0.139741735538
5.595688611
1.29386125636
-3.54968381706
-1.23103214706
3.50082250225
1.48174324048
-0.685430207006
2.59029397049
4.74985808822
2.58206449909
-0.247791485416
0.314760396819
4.18203224981
2.25499559387
1.62922164969
3.50940313629
1.56287237405
2.58407614569
-1.02336340843
4.19499221406
1.10413773693
5.77721214847
-2.83547842912
2.3590940437
4.48585922527
2.8495656121
3.62730469912
-1.39207333417
-0.202686855298
0.544468323019
4.14314808661
-3.47566950951
-0.532694564155
-4.91486922689
-2.39437102588
-1.01468903852
-1.74105495156
3.5744506751
3.94775555587
-4.00627568705
0.575756999873
-0.746049768297
6.51920984781
3.00239321625
7.46819890083
1.15081332639
-1.47518625777
-4.21449636149
0.751862577187
5.93623445585
-7.011898206
-1.00548315229
11.1550327916
1.67889553333
5.39744919989
4.18704344683
-0.173961057721
2.12881339097
0.344768096396
3.89335056268
3.1378774797
-1.0898250779
4.30990537346
5.49989735808
-0.427707683175
3.15570211972
-0.292547655972
-2.4251159274
-6.11090928527
1.4342898252
-6.5720637914
-0.617585711975
1.29512321561
3.48741681183
-2.55815675621
2.39795016143
6.41538051454
-2.0274350745
0.76270951112
1.52879815752
7.93354998513
0.692437109731
2.74450049422
-5.53097943952
-6.3646717518
0.186863292504
-0.0205899343238
0.390775048414
3.42365759489
-2.71441174565
-4.25333656316
4.66066902437
5.65644661322
-1.38729587881
-1.48505581057
2.09406682998
-3.18638018077
4.07442388165
-4.72776020143
1.04874167044
0.386654834465
-4.51215429289
-1.53488162128
5.16159355722
2.90892040842
2.78855269194
1.09083818445
2.05065994345
1.76472279224
5.08136246475
5.94868739318
0.337340907093
-0.354849513832
0.51863845147
6.46361890872
-4.37930465889
2.43187120774
2.79074717564
0.120981492112
0.298656939285
-5.43428003063
0.969224719877
5.95252476483
0.248596704513
3.39447835886
7.40878809418
0.165327220446
4.53243596181
0.967921614115
3.58380311501
2.35623516643
-3.59994875459
4.27967323082
-3.08029685759
-0.709513075316
1.12247584833
-3.47457456459
1.56544350624
-0.458127048159
0.629721840871
-1.60696880227
5.22789962428
5.36701094531
4.85769960646
5.04752393061
0.884600030471
3.6047905704
-1.45905735311
0.486496127666
-1.58304811488
0.0912189075045
-1.27316952078
0.0174519017572
-1.16787137325
-4.8665608792
6.02122519621
1.47565579074
3.30225051286
4.44784331077
2.48932171027
5.00250497658
-0.181219850208
2.07485102226
4.00376247625
0.636139226722
-2.25454645446
1.15674389172
-0.447924523254
1.40169776876
0.975982628887
10.0420367399
-4.37796675449
-1.05806585341
-8.65056027259
-3.93785782991
-1.56430220165
6.61353017776
-1.8414302692
5.17838229722
-1.81371239205
4.45738960632
4.69322341961
-2.84428865933
2.24768935299
0.276912464138
3.04282406659
0.214823690302
3.85991819991
7.97172069828
-0.665510361802
2.8068978378
2.66995828784
4.70995616072
4.13789114406
2.18308680041
2.19534724205
9.25678469479
4.02432669827
3.47982287525
-0.421486851069
2.68483485001
-6.52036735412
1.29863631675
7.23363956315
0.93345234172
-0.0691595011422
-7.01204155764
0.986305034018
-1.25517425241
1.3282024794
2.03465790075
-3.00757061469
3.17624582285
-3.00885508752
2.34090838837
0.0242838792042
4.25235802106
0.983659699233
-5.68949050509
-3.31170397517
1.97285591542
2.96936298245
1.25414320905
8.85924474302
1.70281386059
1.45483673928
0.869807002084
-1.0617584909
4.31828289904
1.68095902844
1.46828676363
-5.16597416623
0.723819287674
4.70730425725
2.86313174768
3.78688324682
2.78592460764
8.18614805928
2.28943726996
2.12847734873
1.16865765179
1.88108748665
3.65313032183
4.0426218275
6.07856316164
1.36189690793
0.666229382193
-0.268438109714
-2.97666462137
2.65404276698
0.657896531961
0.642714820708
1.54815869732
-1.53218422213
-3.13983463687
0.365661486255
0.601475710621
-0.906893796829
7.232803011
4.39451199707
1.23907472642
4.91831216571
2.61178591334
-4.65658009658
-0.305799361206
-0.748155724383
-1.28506017939
5.30479887979
-3.25171375939
3.90236019358
0.216317009557
-1.17213104584
3.00529266691
0.143677062054
1.26961129808
0.884582787418
-7.33403907368
4.37824976067
-1.10730295551
-3.23826809809
3.29990475063
2.8537890899
-0.298193448593
5.14575569105
-1.09621806219
-2.97153934912
3.56413076686
6.31761519433
-2.38252206289
7.14541393548
2.09983516727
0.0967029350023
-4.7378896471
3.74377936765
-1.24227670637
2.40635461653
4.06354936373
-0.509496465191
-4.03964327786
-1.53319886357
2.37171479314
2.88118743708
4.87492111672
6.48521186755
2.06974106698
0.602154617888
1.17277596813
-3.60324840703
3.66628224793
5.21470800075
2.54527733538
-1.72244540704
-7.78157888879
1.06370515419
1.78289016889
-4.61375402487
0.189543972003
2.07654970335
1.55220572798
-3.91324889549
2.92857320347
0.0188780286849
-5.0577853174
2.89168170632
-2.3473662126
-3.85708459449
-3.52183059784
4.93725844152
0.401364192594
-0.393791194075
-2.28089113189
0.599343795536
4.33676700762
4.59215974675
3.24722168791
6.79362095941
4.66056899647
4.78855088842
-5.2346137666
-3.91987249718
-1.22254510924
-2.01530127384
3.17934505706
1.71514321543
-2.25690372486
1.39202164279
4.92328068082
-1.28074265637
7.39457036465
-2.67536885578
-0.987807878707
1.76032124891
5.31985549631
-0.417314127312
-3.33725512971
-0.487044307705
4.53093292711
-0.437947520263
-3.22970628558
-1.37570790641
0.317939696963
5.70547372251
8.08716956001
1.54278796764
-1.8818477251
0.912290269896
-1.00012704654
3.61147624944
1.73004240692
-0.924017765018
4.92909342469
2.78360722129
-1.52645130252
-1.13163160465
1.86910893749
0.523174761605
2.61819762328
2.15599637776
-3.46360279585
-2.3148682639
-0.255802662148
2.25374304853
1.63946531506
1.68839711313
3.98519782801
1.23390134148
-1.93469703573
-1.57548987601
2.54160811806
8.67780819104
-0.595953714781
-0.832601301704
3.13975526985
-2.23933872359
4.77877296125
0.036772729313
-1.90425458764
6.62408845701
2.66830098862
-2.9354479902
4.36649600159
0.403172887001
3.54335866114
-3.18602270654
4.73642985904
-0.868176556733
4.08819813404
0.777392231084
3.74309985558
2.23556315929
-2.36724059315
6.1799376668
9.45170809166
-4.30552759259
-3.17317033643
-3.48524724053
5.44503245581
1.45055289391
-5.39007428435
-3.82151006268
-2.61442018036
9.19280268765
-3.47803820655
5.05559301009
7.10771655381
2.96142652618
6.03564909217
-4.38009512751
1.25712061059
-0.63935977934
6.93060363553
0.622621253674
-0.0398565100036
-6.21910885089
-3.85951498049
6.46931303293
-1.38752010192
6.87634674691
3.74678348496
-1.63839905536
-1.79111605232
4.41545823474
-0.207557370397
1.8197350475
6.36753236425
0.942904373643
-0.588406014702
-2.16979533896
-8.11378318452
-3.47133895014
2.45297096195
1.32962609516
2.7478633701
5.51284135319
1.67840182778
1.39480586605
-1.54046554085
-0.594638048171
-2.4814169022
-1.43567425566
5.35723846422
2.48493551125
-0.272585463331
-1.74300451816
0.15203497117
8.15603280599
1.36792554044
4.63355271658
3.64143823981
0.522180516696
9.98827583527
3.11419936079
1.19194678667
3.43222853183
1.29602060252
0.760789694329
-3.59017293424
3.98469350646
3.89523672563
0.135582919102
-1.06221992619
-3.316636674
1.7201004861
0.296300372952
-0.657237019245
-2.77219281918
7.01235193008
3.74848536178
-0.196445754908
-3.55138182127
-0.816604472098
2.86934006504
-0.614743451331
-2.70645234042
-2.04300432802
4.89204958205
0.915135226579
0.564474695264
-1.11333704735
0.202259386138
8.51533923457
1.69293583096
-2.43463546891
5.11509243398
-6.05172857477
6.52857787033
4.47140883567
2.12862983543
-3.48932911343
4.70111634721
-1.83897324477
-2.27919719983
-0.874734946541
1.40201829789
3.31942829692
2.5745089122
-0.613448717153
1.77473348989
1.854675385
3.16821243336
-1.7915082696
0.870745587569
4.94929466858
-0.554435590349
-0.152592249459
-1.81520913579
1.95231559326
2.51754032253
-5.18619553782
-6.27725829453
-0.26259621011
0.083403398714
3.08072308473
2.70199724549
1.78625221095
4.20858398542
2.60946539921
1.9430178775
2.77351679302
-5.44659610062
2.10546497291
2.14269553134
4.11987348854
4.00868545345
6.29561089463
-0.971902103058
-3.56592042787
-0.312364272457
-0.407397814547
-3.7748161021
-3.10434445885
8.50381819021
4.994725382
1.20030915989
2.19509830226
4.77298732686
11.4175083906
2.91346020788
7.20481115452
-3.62753566471
5.25199171244
3.56734158601
2.7705518432
4.09462112837
-0.310539669144
1.4374117303
1.53770027069
3.08941843122
5.21208425241
2.35698864178
2.53797964789
-5.09958593231
5.59572362181
-2.59188014575
-1.15350342077
-0.363009125719
-0.449947143859
-5.1822831372
-1.68173173876
0.624762015457
0.172399074159
0.439914938635
-1.51939447702
2.1605207812
8.14179369099
2.77397319945
0.118923154445
-3.39574441209
-1.05043799608
-2.65741030906
-3.4682836423
2.03542293385
3.1810190019
-1.48063140756
0.835561287177
2.53406953765
1.61290834906
-5.94968758758
1.91559409773
-2.46019933354
-1.660005773
2.15742235348
5.55442563447
3.45292758253
2.29662959963
2.32991558913
7.08820228622
-4.30090980849
4.85957995386
0.0225153280769
2.59244711706
1.56497423855
-4.55905682989
0.0136945473096
3.39974862143
2.55360477284
1.60095983363
3.46811947254
2.89594046861
2.87842133632
2.32746201849
-1.21961132413
-1.62020085771
-0.452999134819
0.288613366669
7.50516841564
-1.39767737518
5.6029068855
-2.99596342118
5.42280937664
4.26301618478
2.06836001712
1.84313841924
-1.93028992652
-2.14540312786
2.76281735856
4.76919309028
-2.93881193161
1.14785596877
-1.43467460155
-1.76938420239
5.05987021508
7.44760104604
0.883550438138
-0.0123782162831
3.71757561702
-2.95525503513
3.92565410236
4.20705181509
0.0355915100887
5.93795250941
2.12178593036
-0.217669419676
4.95615477664
-2.27742604953
3.33318770878
0.934012362703
-1.76033608229
3.87157978441
-3.63664527163
-3.73472588614
-2.06207896434
-0.89429342239
-6.26832462884
-0.182541595764
0.00775918685936
1.56513883354
3.15348250433
0.857882381891
1.9391233852
-1.77909977065
8.8913939685
-5.54200478474
-2.12877551673
3.0948563436
2.31207483544
4.58853439371
1.59951762707
